18091649390210043
2129207486391173
31619255045316534
15798658206368009
1129234514573089
3943310920736176
764232823830341
728935330217846
132031848527844
41904975983597
9448710205809
57192011526588
12164424089471
9913304504410
5202859836687
697298042855
3432398320926706
5161693581414280
31526614798225569
3381376281971212
1689485550235760
564998662391057
1126910083055248
853877126729798
15094272703944122
5077671533898766
3782322281285088
6193002598990006
9289706516791311
7888584937938944
3953893105177169
1134178553449485
2348718305068084
4456514238550811
2129273009213120
639922230264192
32655512535093504
13534206485643527
2387675827994880
3398649688433667
4465008804767798
2225394406208165
730356102754319
3436260288514
109955659233793
9603869281616384
17713695916829895
8876788646039814
2242495063622440
1125168438696674
4382613314107
2216429004
211091328915
106944974684160
35993501211239266
9597347753068801
1125594179329011
4319520965427
2047426871
23111698
448984077
541054347879
140282131330246
35811167876953973
