0x7645FFFECBFEA79E
0x0003ffef27eebe74
0x411FFFDDFFDBF4D6
0x127FFFB9FFDFB5F6
0x53BFFFEDFFDEB1A2
0x61FFFEDDFEEDAEAE
0xEBFFFFB9FF9FC526
0x510FFFF5F63C96A0
0x0003ff95e5e6a4c0
0xfffffff5fff3e600
0xffffffe9ffe7ce00
0x613FFFDDFFCE9200
0x497FFFADFF9C2E00
0x48FFFE99FECFAA00
0x48FFFE99FECFAA00
0xffedf9fd7cfcffff
0xfc0962854a77f576	
0xfc0a66c64a7ef576
0x7ffdfdfcbd79ffff
0xfc0846a64a34fff6
0xfc087a874a3cf7f6
0xfc0864ae59b4ff76
0x3c0860af4b35ff76
0x73C01AF56CF4CFFB
0x41A01CFAD64AAFFC
0x7c0c028f5b34ff76
0xfc0a028e5ab4df76
0xDCEFD9B54BFCC09F
0xF95FFA765AFD602B
0x43ff9a5cf4ca0c01
0x4BFFCD8E7C587601
0xfc0ff2865334f576
0xfc0bf6ce5924f576
0xc3ffb7dc36ca8c89
0xc3ff8a54f4ca2c89
0xfffffcfcfd79edff
0xfc0863fccb147576
0xfc087e8e4bb2f736
0x43ff9e4ef4ca2c89
30786447749182
129742632852420
376033033088812
450799835057749
484961937444500
400265184072071
360885096816208
1003925318666318
319066074003489
335952442559441
198017353256001
177657060787039
36023016204606944
563308775640576
1029529703365632
379401608385536
426594624774656
559662358351360
67170806296064
72055482347290806
72052134161382046
56859037739609722
72056115246614202
30681359682910722
26969656082498050
36028356059302454
36028515305520254
18011864492185766
1125836030089388
1044202382675716
811572861579268
1125852158322652
1125894905501652
295792313368870
268291698770698
303483499119238
143096549738626
210292347505410
311173627257870
18091649390210043
2129207486391173
31619255045316534
15798658206368009
1129234514573089
3943310920736176
764232823830341
728935330217846
132031848527844
41904975983597
9448710205809
57192011526588
12164424089471
9913304504410
5202859836687
697298042855
3432398320926706
5161693581414280
31526614798225569
3381376281971212
1689485550235760
564998662391057
1126910083055248
853877126729798
15094272703944122
5077671533898766
3782322281285088
6193002598990006
9289706516791311
7888584937938944
3953893105177169
1134178553449485
2348718305068084
4456514238550811
2129273009213120
639922230264192
32655512535093504
13534206485643527
2387675827994880
3398649688433667
4465008804767798
2225394406208165
730356102754319
3436260288514
109955659233793
9603869281616384
17713695916829895
8876788646039814
2242495063622440
1125168438696674
4382613314107
2216429004
211091328915
106944974684160
35993501211239266
9597347753068801
1125594179329011
4319520965427
2047426871
23111698
448984077
541054347879
140282131330246
35811167876953973